9.364886454261385218e-01 7.954688489815078256e-01 9.565960605865526656e-01 8.688633790066900842e-01 9.098945928741400957e-01 1.036336474115143069e+00 1.117741879057435606e+00 8.609719029352908004e-01 1.064585925043018744e+00 8.547591140067013482e-01 1.050211070684260228e+00 1.015725032704300146e+00 7.560776248029441593e-01 8.594415023089750916e-01 6.844428393166331892e-01 1.158367048439713054e+00 8.749711183101774870e-01 9.832701691052702087e-01 9.718498699402216001e-01 8.319047094280510590e-01 7.156913921520620114e-01
9.810321730054301081e-01 8.504085913135466246e-01 9.855885066674280326e-01 9.053159811564485127e-01 9.042249970387048474e-01 1.025876729170444257e+00 1.136657177909070171e+00 8.066889119648753548e-01 9.442170474755131604e-01 9.309445408615946160e-01 1.088266487874586241e+00 1.028938649310523035e+00 8.266968688989565495e-01 1.208131376087903108e+00 8.731150718682765266e-01 1.004706508801808118e+00 9.625275130949237923e-01 7.659684908440326234e-01 9.814989469058262861e-01 8.713307706500088567e-01 7.697324143120465312e-01
9.846051851730921456e-01 8.892571470529057054e-01 1.024925827772209974e+00 9.096415956014757276e-01 9.188465074719027736e-01 1.003151673765985574e+00 8.887301867099351993e-01 9.244658445066026298e-01 9.833677071439614892e-01 9.210748482143242821e-01 1.234046153192534412e+00 1.065180330966844835e+00 8.547116360709702265e-01 7.807158094983561725e-01 9.114480905141957301e-01 9.454647633945777452e-01 9.002037319605913357e-01 8.694527652767314319e-01 9.483534497814244402e-01 9.881849116366072661e-01 7.423615068604749734e-01
8.999090973220119638e-01 9.854478876723681280e-01 9.947586320982426678e-01 1.042209504088946748e+00 1.007054042214976963e+00 1.050315917943266397e+00 9.419412373109806724e-01 1.024534433859336513e+00 1.213640094816537340e+00 1.130580586637087270e+00 1.006084876409738316e+00 7.430443447943827495e-01 8.605072899001934283e-01 8.664633224156815805e-01 1.021568804353788495e+00 1.000870901830749782e+00 9.000677373315101315e-01 9.437326520425423082e-01 7.725736088873653706e-01 9.738470134718271165e-01 8.370064496439141299e-01
9.482410278080684041e-01 9.224952066744218637e-01 9.946906884948791827e-01 8.743360651174918452e-01 8.021793974281786754e-01 1.031481227750314700e+00 1.014801768349982147e+00 9.950307340571522552e-01 1.076907905155733314e+00 1.058449742692330942e+00 9.994874516088837479e-01 8.258161148510680949e-01 9.493790378747418712e-01 9.665819903276900993e-01 9.483632849540789556e-01 7.634265121416712319e-01 8.137230684201836040e-01 9.807723189248270801e-01 8.370368387810550592e-01 9.424618212125071004e-01 9.400358614070477570e-01
9.567978971412113287e-01 9.362230768948769377e-01 8.969235242862834134e-01 8.416398203815711465e-01 9.619343306501644264e-01 8.805346258884947375e-01 7.765267924759351459e-01 9.368190225388000059e-01 9.945929750105605427e-01 1.101704366345041874e+00 9.664812255332286828e-01 1.007554976072345676e+00 1.090674868470937753e+00 9.660951684209904133e-01 8.866466608433006824e-01 8.654294334354106777e-01 8.605224962758760698e-01 8.669694000197867290e-01 9.654318092091555004e-01 8.813759584351147369e-01 9.020223209083400029e-01
9.882697374003028834e-01 9.233347950841463980e-01 9.814533130547532513e-01 9.060801431911691406e-01 9.098301644482373884e-01 1.039984137694056621e+00 1.016426113578363877e+00 8.872416247757732854e-01 7.944621353375198591e-01 9.997144157452693136e-01 9.221337130315480080e-01 8.822704995699576225e-01 9.748259846210713953e-01 1.004765320043632615e+00 1.033875160189845044e+00 9.412595654106800103e-01 9.995900706967847382e-01 9.948503315373673495e-01 8.400728121891600786e-01 9.149422238552509246e-01 1.034499101367120977e+00
9.607275531123008472e-01 9.617310067825266540e-01 9.410347334872953828e-01 9.746668139768769334e-01 9.244989410771445870e-01 9.617263107126475807e-01 9.686002727509325227e-01 8.686306738277472794e-01 8.875508321301576187e-01 9.709501982893918859e-01 9.959538570510572120e-01 1.118181273670211251e+00 1.018207746113902301e+00 8.904032825402249385e-01 9.552692506287288055e-01 1.030977340371415529e+00 1.028292252055280187e+00 1.026226804920908453e+00 9.855430517521430733e-01 7.542248047294383140e-01 7.218522783006386945e-01
9.345732653678194835e-01 1.047446091608627006e+00 1.034520202942777356e+00 8.848089190502032020e-01 9.684707040309835646e-01 9.778992766667435887e-01 9.842850730216970989e-01 9.328429761906747997e-01 1.071253003286004812e+00 1.062546857854125282e+00 1.013272598209722597e+00 1.274446799190650070e+00 1.027007269324608840e+00 9.260362707806979454e-01 9.713431674603006938e-01 7.295400485885304986e-01 8.638600501686171107e-01 9.023917900020306249e-01 8.645570405635391031e-01 8.925632882898955067e-01 8.502668240025863522e-01
9.770674207404690392e-01 1.012601970859976941e+00 9.568993886803252025e-01 1.000709008193881644e+00 1.060314602342017576e+00 1.013702728363467198e+00 9.112916832075664830e-01 1.007794716760732401e+00 9.521505968995118696e-01 1.089230443367708467e+00 9.448216965176895465e-01 9.599000201500286211e-01 8.365713074467855392e-01 9.534920519785404780e-01 9.230307766688717885e-01 9.939926651733334007e-01 9.784839672687875023e-01 9.271164706808985301e-01 8.511168982927314053e-01 8.623737062791508867e-01 7.058105966164616163e-01
9.498811960311530633e-01 9.498086985357916401e-01 9.540497558590584903e-01 1.010013113711989652e+00 1.029523859786271478e+00 9.806879714167499040e-01 1.026698905475770918e+00 1.130343283293790080e+00 9.967548963533989781e-01 9.351544951386319138e-01 1.253717948088275858e+00 9.322984986317754963e-01 1.151570509615069904e+00 1.046501892305887749e+00 9.029529819400742285e-01 9.942806820531899792e-01 9.889601657221855913e-01 1.047244557288225852e+00 9.012544452313850929e-01 8.406322223523844395e-01 1.021974448066505170e+00
9.627510609844243117e-01 9.564676852363254156e-01 9.280604350199950225e-01 1.030750866245883968e+00 1.055128863082848145e+00 9.321306628917889192e-01 1.024722436499990952e+00 9.992021949626900268e-01 1.001304466346646382e+00 9.032685952215738778e-01 1.131949156621670838e+00 9.529435195369868605e-01 9.957413248997994959e-01 9.899352332090507467e-01 9.660333769000936099e-01 1.061748362210906738e+00 9.252657926083700524e-01 9.930905451553686536e-01 8.215748171805498101e-01 8.175080203744214957e-01 1.213443117872708088e+00
1.032696672569757501e+00 1.007102520209851138e+00 9.486543088956936876e-01 1.027958934813853586e+00 9.542774612146864843e-01 1.027522918151159148e+00 9.823361338411877863e-01 9.908273697478140463e-01 1.120061610653468653e+00 9.202051418587587905e-01 9.667896661258000846e-01 8.907473411621312787e-01 8.205945975586858010e-01 9.320459884252320082e-01 8.561965325478274602e-01 1.177204438255383456e+00 1.025912309067768202e+00 8.315669941495290596e-01 1.022967041826138734e+00 1.019413970046689100e+00 8.895299767573499050e-01
1.015158119365797251e+00 9.627857695800851046e-01 1.003636887228693819e+00 9.835642002827078567e-01 9.622264478334234816e-01 9.916407216575477968e-01 9.788082301789442496e-01 9.927632470190861369e-01 1.030332819660839894e+00 9.119704900304846928e-01 9.878041612317982612e-01 1.061200204186141915e+00 9.017581833794947599e-01 1.051897420110989856e+00 9.220057309021483238e-01 8.858111866804917467e-01 8.548473480687774906e-01 9.006141961722375910e-01 9.694970578968024055e-01 8.646285729589104907e-01 9.834597550362615959e-01
1.004254039107386420e+00 9.874401541034076857e-01 9.755652546063884323e-01 9.415024560353745242e-01 1.027379668589696093e+00 1.000651560754034275e+00 1.008533673729570257e+00 9.461841552421935697e-01 9.978842077268713640e-01 1.004319052467224527e+00 1.054963479617898159e+00 9.324428127854733628e-01 1.075121883171800574e+00 9.353058953308892587e-01 9.417330945731945402e-01 8.067909116910594314e-01 9.991733269043212573e-01 8.184641188165618919e-01 8.755863093241482709e-01 9.180804875893526784e-01 9.264894433529109463e-01
1.007217958433586968e+00 1.143148523890429535e+00 9.829748525845738438e-01 1.085623559239565994e+00 1.016699915334020821e+00 1.012377541372427858e+00 1.039166590497163645e+00 9.618640582208034528e-01 9.926748278889224730e-01 1.099210485159840989e+00 9.897896401071236694e-01 9.453815186370628787e-01 9.757137354860841993e-01 8.456490004729725340e-01 8.572913986219475868e-01 9.635404094108143136e-01 9.599213384164716478e-01 9.353183732145069484e-01 1.015866529034861632e+00 1.028843402940447183e+00 9.413419023129308005e-01
1.062245204638817553e+00 1.104730617506391566e+00 9.292645555689795778e-01 9.792304237467687189e-01 1.101560705091616965e+00 1.079888134194975979e+00 1.013967399111031842e+00 9.772160682281761934e-01 9.805684012607481792e-01 9.818444621694315533e-01 9.859598855172367893e-01 1.069156257958662426e+00 1.014592748917969134e+00 9.469000961006526218e-01 8.866239711424899195e-01 1.003775311792140856e+00 1.034108987640924182e+00 8.484857658126383484e-01 9.710303693639009692e-01 9.280313182182606813e-01 9.119525316136067872e-01
9.554271246235747084e-01 1.017428923271900709e+00 8.908569339140496313e-01 1.013126788404775436e+00 1.093541405792033183e+00 9.841840056530051228e-01 1.034219407639020316e+00 9.993833366426377873e-01 9.914251813121149892e-01 9.739757830747663991e-01 1.051804258101873168e+00 1.056027842047747578e+00 9.739138786775024537e-01 8.584043807597084852e-01 9.535670960897256743e-01 9.240963788276103097e-01 1.007315721355848126e+00 9.267447830804639297e-01 8.636774420941497610e-01 8.495590522029442537e-01 9.311676498652020628e-01
9.938970722261963875e-01 1.020568602740281383e+00 1.001925398013618240e+00 9.377675125293118974e-01 1.024586949876638453e+00 9.476121165488278208e-01 9.922752422332385969e-01 9.501584702447887221e-01 9.174780709512280197e-01 9.793930899171632287e-01 9.704732151298993692e-01 9.961156828454661438e-01 9.470820866558147255e-01 9.170238528082399476e-01 9.709913097543495519e-01 8.021094097897102371e-01 8.555971254589836983e-01 1.000495548741923368e+00 9.627554087631224888e-01 9.055148615586573468e-01 8.405631330752668662e-01
1.052766128487009123e+00 9.537369722456292553e-01 9.422383945461209054e-01 1.002148563944989634e+00 1.027697451302854947e+00 1.026808048920309524e+00 1.009862315571542934e+00 9.630493649585498694e-01 9.799864092568727481e-01 9.913408478914528255e-01 1.037991947553553507e+00 9.748819394886973910e-01 9.018861272663335482e-01 8.236098618308173025e-01 9.164788699228000324e-01 9.523955353600117579e-01 1.000228489990978353e+00 9.138780568231029688e-01 9.772179922304520261e-01 9.246831634183225734e-01 1.022093402120294536e+00
9.483407567857039533e-01 1.101388808180535195e+00 9.744861548772302262e-01 9.643840589989507439e-01 1.086633295251766551e+00 1.049922529564817131e+00 1.063571498273121696e+00 1.050003444403832642e+00 9.303328185447059528e-01 9.309571403519742994e-01 1.046328040095814149e+00 9.828039156367606166e-01 9.270403687077390931e-01 9.152476969367000503e-01 9.547329899853196356e-01 1.010533180888179672e+00 8.775105355414137831e-01 8.204979615838685625e-01 8.891968330918244012e-01 7.405450965773237026e-01 9.834131343268347480e-01
