9.231854194771095257e-01 8.800622000855328197e-01 9.800468125293192445e-01 8.972939839759355163e-01 8.311943149116564067e-01 1.067373671624889830e+00 1.158348381958067552e+00 9.489349502165432826e-01 1.023622051073553862e+00 8.634167925819138389e-01 1.009290152497245963e+00 1.090739727430682926e+00 7.604202828166128914e-01 8.418008999360484523e-01 6.701564849516131739e-01 1.126123415587151788e+00 9.704569220188534739e-01 9.275257878695205571e-01 9.293495539010161455e-01 8.444555796548067761e-01 7.309126316298063530e-01
1.004614440300674039e+00 8.588144841665572571e-01 1.043891329127315748e+00 9.199349870295276954e-01 9.901823570192453960e-01 1.044431411986840974e+00 1.195118190362373545e+00 8.601843275213428841e-01 1.031708034340602431e+00 9.623242924404016296e-01 1.151451888852618843e+00 1.143372780774551734e+00 8.403888874102478646e-01 1.197226494102586081e+00 8.391547517969935033e-01 1.001490530300828796e+00 9.548943217229057812e-01 8.247433910560988402e-01 1.004020532425740297e+00 9.162884728953596403e-01 7.891847448132741638e-01
9.410419769820025371e-01 9.239955466982838761e-01 1.073057853994028976e+00 9.090011234554218333e-01 9.551882898901854491e-01 1.028050694972883816e+00 9.515674634565767231e-01 9.783943718087608765e-01 1.088751201013109959e+00 9.411620431112911467e-01 1.203208524870455154e+00 1.071365920523031257e+00 9.111985771357983266e-01 8.079306878723665486e-01 9.678126824319569499e-01 9.780118617629767197e-01 8.418282304055829668e-01 8.810342405085415107e-01 9.033192383034427397e-01 9.066983526679290861e-01 7.518431331221551162e-01
8.457937608126570028e-01 9.737651821035938626e-01 9.922203453615864310e-01 1.014963475766314183e+00 1.050853200369850748e+00 1.064947251610803391e+00 9.192868538913514520e-01 1.078527833332493024e+00 1.190681137510855470e+00 1.086333186383226179e+00 9.531471801806923327e-01 7.418199139648378182e-01 8.964983986180031783e-01 8.690054742886750283e-01 1.021868487141469384e+00 9.524260375689158620e-01 9.486668054375575476e-01 9.121040958416153366e-01 6.909094906252502000e-01 9.643118565392105879e-01 8.210717625041114021e-01
9.457059171191339875e-01 9.131171546244105652e-01 9.486393355222723089e-01 8.983374636805060431e-01 8.482042071687018181e-01 1.024348548922058733e+00 1.032637189552817469e+00 1.047511222414670984e+00 1.104685891027166633e+00 1.033189925206475124e+00 9.829583429288257790e-01 8.524405711813575204e-01 9.495945901003762790e-01 9.408200079789819092e-01 9.418430262183692392e-01 7.884338043873582169e-01 8.251432137820160495e-01 9.830121977622915397e-01 8.064988597819414684e-01 8.667216200826352024e-01 8.907556428553297101e-01
9.751488213780789005e-01 9.603981551926535909e-01 8.636342249406352423e-01 8.358813538217481076e-01 1.007970090268257124e+00 9.369698617393933393e-01 7.590103655393276583e-01 9.487648669562502857e-01 9.693875347147751231e-01 1.099721056117670237e+00 8.917135571719235765e-01 9.375544016198975594e-01 1.143381645429695448e+00 9.637662341998166626e-01 9.109389607442233139e-01 8.376213405920329702e-01 9.132146373481192514e-01 8.691672357137850691e-01 9.614455675286496250e-01 9.082099438330332175e-01 8.500506401182816862e-01
1.007159973137520925e+00 8.981390228196879377e-01 9.774057036853881497e-01 8.841382797759237411e-01 9.334244221685426002e-01 1.035069977159638110e+00 9.964745926700192546e-01 8.818092591186910134e-01 8.405487611150604943e-01 9.834481942939371502e-01 9.137123883091615717e-01 8.540923268953765080e-01 9.756827328633228547e-01 1.005503542200997469e+00 1.040650070490726442e+00 9.883928419096287277e-01 9.285823841265816725e-01 1.135887574824246515e+00 8.928149032606850222e-01 8.749506150385920611e-01 9.974998437320646838e-01
9.403499421147695214e-01 9.342130450033463429e-01 9.108485643218046102e-01 9.767565378207291316e-01 9.009433617571552810e-01 9.145428603132432777e-01 9.919796396856399578e-01 9.095201348944381703e-01 9.337514815296725779e-01 9.805717315897765074e-01 9.722737677318534777e-01 1.085670957347735444e+00 9.519868637214119467e-01 9.211545623396543148e-01 9.732115786605106678e-01 9.643576329094445398e-01 1.103193994016275603e+00 9.826294464444704779e-01 9.439778493052854991e-01 8.114707716141082994e-01 7.686690977173807893e-01
9.320124365149906609e-01 1.030592591398934443e+00 1.041039096852912627e+00 9.398925922744777450e-01 9.450199263816742024e-01 9.496732488059903554e-01 9.870209143432983057e-01 9.245533326071414537e-01 1.039917662857519076e+00 1.054066335522373832e+00 1.005947370218899239e+00 1.337656819390974583e+00 1.049357429182515622e+00 8.929349833919705270e-01 9.572003285494563585e-01 7.448982328638623640e-01 9.023601019211113794e-01 9.193336763965967995e-01 8.187931555022126551e-01 8.740553749355243207e-01 8.300538163401908198e-01
9.819170113280465406e-01 1.022261692928398968e+00 9.742094631802289406e-01 9.971102961736300063e-01 1.007390726522712443e+00 1.040620200414335228e+00 8.917696248350150956e-01 9.762017247658940633e-01 9.576962342697481478e-01 1.113262735632869926e+00 9.191609326891697629e-01 9.164898608364666632e-01 8.163938068747168542e-01 9.827891921689431154e-01 1.014188888051898552e+00 1.030916262606671019e+00 1.008536687433302825e+00 8.993145004818453581e-01 8.489181468884523518e-01 9.157795443374637800e-01 7.185054980786083068e-01
9.354662216585017953e-01 9.555236896588981121e-01 9.316401465733532561e-01 9.985101907977060876e-01 1.005072757617822221e+00 1.028848690292577528e+00 1.012661552078918836e+00 1.160662404841196649e+00 1.055109954884084100e+00 9.454037949013579523e-01 1.219191650735923727e+00 9.889615116015809670e-01 1.149858396721991527e+00 1.030092329549685548e+00 9.387307979584081918e-01 9.949014120125500016e-01 1.021089038341733923e+00 1.044674960172866651e+00 8.634402228614593833e-01 8.425603712260495426e-01 1.051408379794212866e+00
9.691337625780633847e-01 9.441494819703695196e-01 9.472103881054627639e-01 1.057535218880728545e+00 1.047789999268193162e+00 9.685089337402810195e-01 1.048154709742031176e+00 1.019450744927455466e+00 1.045100074667038026e+00 9.559605376161883772e-01 1.111492202995006284e+00 9.513648747535656813e-01 1.034547348221749097e+00 9.519699304379068971e-01 1.058296530841919436e+00 1.048931410430100186e+00 9.932465995150184801e-01 9.195411518967255837e-01 8.271912419027627195e-01 8.028045039848009656e-01 1.165430730536412218e+00
1.009273819331407473e+00 9.955489172519205177e-01 9.519743142313896733e-01 1.016316310330460881e+00 9.681136855241617711e-01 1.021236911406654846e+00 9.575630729317761158e-01 1.016762763039830375e+00 1.108347567054575711e+00 9.458094473744108610e-01 9.811841867413256812e-01 9.211332507168906725e-01 8.429377745467200311e-01 9.773811748343674832e-01 8.860144615869292029e-01 1.151333243310403098e+00 1.016293841108560247e+00 8.195105894547148884e-01 1.036353506413419279e+00 9.970231511108147426e-01 9.330249200817293254e-01
9.726063253159800137e-01 9.396075098263864112e-01 1.013999573714426949e+00 9.560687901710013259e-01 9.876548936868877471e-01 1.033911570923957246e+00 9.831958263910938189e-01 9.888675761673906273e-01 1.077589757094629563e+00 9.493563196101231227e-01 9.507075007586877069e-01 1.024843306970330215e+00 9.150242708257436686e-01 1.010640365509778871e+00 9.178374500740605901e-01 9.055707772161438740e-01 8.703509517834118192e-01 9.156702117779463856e-01 9.388041907294315536e-01 8.423737199605600967e-01 9.614200511254011872e-01
9.984012828625503655e-01 9.881706026623454653e-01 9.750906880003460397e-01 9.437684436218514161e-01 1.022190078355554643e+00 9.708550442447972939e-01 1.026941762018936277e+00 9.423230135423197318e-01 1.046068160579371131e+00 1.039139795987570558e+00 1.032776624206509064e+00 9.580274188519817269e-01 1.027235270898121167e+00 9.168448911519204714e-01 8.932287208463781658e-01 8.129049724476955507e-01 9.855920727107382318e-01 8.502339436681650708e-01 8.675979764438569442e-01 9.944562347234116029e-01 9.901863637080188241e-01
1.018611113013822900e+00 1.144538590078439944e+00 9.774282096936077746e-01 1.054680261690552401e+00 9.993253597105489217e-01 9.714082422026149022e-01 1.031380276957823972e+00 1.003044643011276937e+00 9.789586316821720091e-01 1.061394786985585981e+00 9.914220032088117973e-01 9.384103288924517949e-01 9.448153369635423626e-01 8.509133382284292946e-01 8.407246596844645259e-01 9.160704557505280343e-01 9.402707331400169677e-01 9.163593291061407076e-01 9.588750518419650870e-01 9.949161969502776648e-01 9.004941647766884216e-01
1.081784701445998031e+00 1.067253553578967562e+00 9.460041858187001607e-01 9.757877251397303331e-01 1.073426875470498087e+00 1.074658550988455197e+00 1.016411459130810435e+00 9.781401189869738388e-01 9.590323914933649441e-01 9.926325011688964528e-01 9.832591394184028166e-01 1.030609800836469025e+00 9.938649167156882180e-01 9.556201209488129900e-01 8.835650528597046582e-01 9.723332122004244571e-01 9.819459894290686330e-01 8.209273006659719707e-01 9.590516560631777709e-01 9.645803559667950333e-01 9.618721141696850996e-01
9.950921505346188578e-01 1.009099451871834363e+00 8.841261866935914426e-01 1.011617649958130638e+00 1.089271744748332882e+00 9.768095061927124512e-01 1.039569616781518491e+00 1.006751139354085556e+00 9.807797249151886110e-01 9.713428644188865091e-01 1.075405613167625951e+00 1.042188694448127340e+00 9.837837887615515919e-01 8.859596576763353326e-01 9.422810558500926970e-01 8.818879653535229846e-01 1.000966513141944070e+00 9.059979903521350186e-01 8.795956319271018842e-01 8.557346715817427674e-01 9.882701215761353630e-01
1.026942308363375966e+00 9.818357194316960079e-01 9.937484685160310471e-01 9.328616067714965432e-01 9.865414208937928198e-01 9.651259942377370393e-01 9.876527429781376544e-01 9.611053546497645428e-01 9.440856048589737481e-01 1.012031991000800657e+00 9.518108938482978676e-01 9.961894191769304907e-01 9.148941126588879813e-01 9.519755127994581345e-01 9.794993643617340151e-01 8.140240397725329036e-01 8.779851495209748391e-01 9.276834151011383867e-01 9.107173347343126002e-01 9.847777246976179288e-01 8.555428315390931626e-01
1.058250219039304829e+00 9.652593819323277424e-01 9.574314092691373901e-01 9.945693635884564898e-01 1.010188218994618081e+00 1.024977714975076504e+00 9.978668612791349313e-01 9.812266335292824104e-01 9.801539051725328688e-01 9.761126269383095799e-01 1.052065107702431002e+00 9.704339151268097652e-01 8.780627795819452297e-01 8.531282991969568741e-01 9.325995740210034635e-01 9.430967900911746415e-01 1.023580393222700335e+00 9.329609490669625860e-01 9.553501060631391928e-01 9.474195691099657202e-01 9.982193256932049286e-01
9.232062598013479615e-01 1.059654801245893729e+00 9.733125462427770769e-01 9.596494989350146110e-01 1.038450243380719007e+00 1.019563792394539092e+00 1.032724938099560230e+00 1.054982342777576410e+00 9.226464693135923989e-01 9.115986711493300199e-01 1.038648879857702267e+00 9.632825146302863573e-01 9.266629310603370362e-01 9.277727534677847610e-01 9.463297882891813506e-01 1.009011988587412922e+00 8.593256085174285630e-01 8.247826699936583461e-01 8.729118503352064629e-01 7.497945307198595755e-01 9.645951401134709169e-01
