8.839050402923718242e-01 9.112404587725904115e-01 8.836099098731412527e-01 7.655632830520009424e-01 8.994013520073622647e-01 8.871763633395545190e-01 9.885714177388081891e-01 9.919135593529644357e-01 8.960687458084434232e-01 1.233522502771791984e+00 1.139095662902762207e+00 1.382733708590184740e+00 1.134816453094695587e+00 1.053879667563726308e+00 8.722513680505569189e-01 8.795099523904337246e-01 9.680638616052160694e-01 8.223436652619378062e-01 8.491350478305514926e-01 8.106284038839624007e-01 8.520909297697969453e-01
7.596935769135504390e-01 8.384717953897372622e-01 7.965427430739935311e-01 9.334056171565086046e-01 7.214332934763429961e-01 9.223202981233278308e-01 8.788048450762219188e-01 9.665142100445086593e-01 8.786049816741945406e-01 1.101251413858446382e+00 1.149533866016033024e+00 1.222172369605896591e+00 9.021911300216626239e-01 1.029788266994503765e+00 1.164441866287826421e+00 8.384968829927852418e-01 9.343819094217736820e-01 8.966379441341615353e-01 1.097753179857628991e+00 7.608133630144593429e-01 6.958933982218201697e-01
7.800613829759731610e-01 8.503046021925718678e-01 9.131043564872936003e-01 8.789141926297686647e-01 9.245684532085732821e-01 8.932681070501644616e-01 8.548188473809110732e-01 9.835946037916902807e-01 1.052696679507121313e+00 1.119990846114402361e+00 1.033794618674695798e+00 1.053104895443704558e+00 1.075320851665713340e+00 9.612833448416319149e-01 1.270588979876058344e+00 8.843751224209737138e-01 9.866722864591901399e-01 8.093823278535851040e-01 9.142389672976588555e-01 8.001950027823371281e-01 1.035591571268523081e+00
8.791500115032672147e-01 7.996144432319872708e-01 8.823171778717727731e-01 8.847949819591621745e-01 8.421694136193320634e-01 9.156324595437992375e-01 1.010679224086764361e+00 1.008331695733334810e+00 1.069413936575626778e+00 8.804090812688520895e-01 9.603787251600246488e-01 1.071108662303296821e+00 1.215583103602917214e+00 8.107205323199067060e-01 1.160396873135112639e+00 8.635537226641358810e-01 9.042145357655662075e-01 1.142135221850335114e+00 1.039854045665030702e+00 1.051317802630713949e+00 8.004046698225188994e-01
8.550958666868025970e-01 9.674582769149085992e-01 8.695331615563837158e-01 8.926048462189871691e-01 9.581416312732969898e-01 7.902870719980022995e-01 9.153654558908791428e-01 1.034430865161079849e+00 1.260751279057372054e+00 1.026132215466206254e+00 1.051841996512535182e+00 1.118520140245510275e+00 9.588640263743263281e-01 8.483476133362154448e-01 1.028768258231994581e+00 8.889314212190497777e-01 8.078134057330421669e-01 1.053651606354860881e+00 1.025869952120791462e+00 7.205103553128843208e-01 7.474514724989069769e-01
9.263517410864955393e-01 9.178519652663061912e-01 8.584818037178952865e-01 7.733019640078664381e-01 9.611593303985102033e-01 9.969037463231443796e-01 1.042381156878118498e+00 1.036983694221339736e+00 1.117954433020743155e+00 1.029690771899542279e+00 1.158662534275991751e+00 1.053595442622036193e+00 9.685603909186109028e-01 9.173709389134278025e-01 9.045389126133174251e-01 9.913557794694543013e-01 1.143912559147823638e+00 1.251699496714139492e+00 1.122715459463022647e+00 7.818955048586787582e-01 8.165200911664062255e-01
8.455765231503157286e-01 9.012051177770175059e-01 8.518648081379266435e-01 9.183620722051689667e-01 1.054664841593944580e+00 9.923513611306875593e-01 1.006799385047981055e+00 9.813708322307358456e-01 1.079027550772763355e+00 1.144115947155028845e+00 1.002083425082625601e+00 1.087672456417001721e+00 1.012297218364893503e+00 1.223228912788663081e+00 9.749915935290625058e-01 8.909759113557489396e-01 1.140678863214441341e+00 8.604519533501239215e-01 9.363260962525442599e-01 8.715370888999492971e-01 9.580273010199252814e-01
7.699531044660629098e-01 8.148321096525581453e-01 9.034702421535435457e-01 9.028887824930184047e-01 1.095988071521423413e+00 1.059561613079578857e+00 9.691464148802751977e-01 1.099794124099698900e+00 1.149644635722347319e+00 1.118289475627664009e+00 1.201794299616430139e+00 1.089633983156199637e+00 1.133460011120520639e+00 1.059142826676888971e+00 9.555367969365236025e-01 1.145308360857798302e+00 1.107111142867593045e+00 8.939296766530698823e-01 8.243805984824660316e-01 7.757412340274065787e-01 1.194986153049234501e+00
9.425902525018866607e-01 9.246445454796100583e-01 1.055196615078976885e+00 1.075926730841084256e+00 1.041264879419560252e+00 9.533749032698534132e-01 9.960279433187253506e-01 1.148938482643537817e+00 1.130791766988107572e+00 1.210871633215787169e+00 1.283739735221107292e+00 1.341038547742552600e+00 1.139548639803743546e+00 1.167213312340966036e+00 1.056406542029018736e+00 1.139337460243207589e+00 9.536437897557454857e-01 1.168174608991316088e+00 1.044638663938566525e+00 1.092143346175889818e+00 1.061509066624994890e+00
9.209357528064380238e-01 9.796241432038370611e-01 1.063038756522415085e+00 1.012158173513297399e+00 1.069424842754204352e+00 1.085765455266163748e+00 1.053319575915382833e+00 1.201443018746583435e+00 1.424763746795514541e+00 1.227458195337278068e+00 1.401124577094213119e+00 1.288122432029349840e+00 1.035795258094122318e+00 1.292518882966846583e+00 1.127446731814156555e+00 1.063748514058679318e+00 1.003213824929112929e+00 1.216228847228435495e+00 1.049175102864698061e+00 1.224080250588578389e+00 1.149355470818653302e+00
1.089985010268622601e+00 1.080224871046259638e+00 1.148009778902717271e+00 1.125504102310823651e+00 1.149238571197769954e+00 1.106348250634850316e+00 1.100440323970975243e+00 1.335817143035989085e+00 1.355230463665714646e+00 1.433204521051533842e+00 1.634581540710045910e+00 1.565901298633219474e+00 1.320769756161387365e+00 1.292744835547942062e+00 1.027001804326294510e+00 1.071500001345225606e+00 1.033323537687183880e+00 1.022317848847525967e+00 9.693364558080080906e-01 1.104021726946124327e+00 9.857017232969820242e-01
1.098138033123520874e+00 1.202975944952400900e+00 1.080810436487789961e+00 1.195592540303416662e+00 1.155999843768427793e+00 1.018026092237621194e+00 1.045564504180654275e+00 1.280995272981347188e+00 1.459418257774937278e+00 1.325155514051623795e+00 1.332492485523346870e+00 1.534570015886418615e+00 1.085345534756218200e+00 1.259433146493144751e+00 1.145782273105429905e+00 1.064996616601801671e+00 1.013067110331899778e+00 1.012227156570446818e+00 9.897968668072637533e-01 9.111241515612645836e-01 1.011945198042547567e+00
1.058467372684247287e+00 1.173288396121480615e+00 1.003082208362989114e+00 1.109775675910890103e+00 1.040416565922987591e+00 1.189749706741327628e+00 1.182906726461926628e+00 1.138951289814675194e+00 1.157868018741034177e+00 1.206521301765418608e+00 1.417491080700940875e+00 1.224873407977590700e+00 1.170105058119817132e+00 9.663721929777128183e-01 1.088226253053814707e+00 1.018172738590227944e+00 1.045585105707444562e+00 1.109238668756728607e+00 9.620830549858950809e-01 9.028494077188151667e-01 9.308908127276340760e-01
1.134322812095132527e+00 1.216139627300921955e+00 1.104362696819934042e+00 1.024554603508847750e+00 1.006568707509500449e+00 1.068202435642233494e+00 1.040106670617959361e+00 1.018276247565037096e+00 1.103040364233577320e+00 1.103360699211728857e+00 1.251443675329147132e+00 1.032255065399468208e+00 1.092638289716562738e+00 9.413896869779054821e-01 1.001401570418468667e+00 1.045571107345998341e+00 1.026770057659734947e+00 8.976364914353208713e-01 7.679345800792675147e-01 7.955580894652515278e-01 7.954960086731912572e-01
1.015737468741489735e+00 1.149534360176033498e+00 9.721462384400324508e-01 9.844619325756580608e-01 1.039195297758809033e+00 1.011746755713283985e+00 1.024833201588319698e+00 1.144260035363092509e+00 1.171366786170146002e+00 1.107710459056041152e+00 1.216784292291830383e+00 1.182059356454077559e+00 9.841237781687222075e-01 1.041307521546589232e+00 1.034496622656316589e+00 9.020263736724756232e-01 9.240629478454008838e-01 1.015630661069755858e+00 1.045766948117069051e+00 9.740121865194119044e-01 7.581568983442251719e-01
1.041718308584379749e+00 1.116761313212048856e+00 1.102489851635836793e+00 9.689246427016240393e-01 1.039700479852950998e+00 1.025518230277052689e+00 9.971486599301686571e-01 1.055892806204108858e+00 1.232823886859993889e+00 1.096187418415486281e+00 1.179480076323226934e+00 1.097613392486315620e+00 9.651443215344079896e-01 8.527768745817321250e-01 9.052977012205682961e-01 1.029416569244092194e+00 9.451815124620650543e-01 9.487160561178584750e-01 8.862918216491740830e-01 9.765049115306951855e-01 8.085494417782188581e-01
1.018087842309355562e+00 1.146013832514575892e+00 1.154896593651732362e+00 1.032547307001219217e+00 9.604885617187501889e-01 1.177805629938010634e+00 1.047939997990789296e+00 9.604954261885397804e-01 1.016843865302167194e+00 1.129776990311908147e+00 1.163729865092645310e+00 1.081021083753810563e+00 9.608964114478467655e-01 9.185690699865659559e-01 8.330615241247327774e-01 8.430813326412006647e-01 8.902680788299482950e-01 1.015834814786485518e+00 8.933285073337916549e-01 7.608503045207980486e-01 9.448487194540067247e-01
9.680843662116135340e-01 1.151435837035834631e+00 1.116436553159985801e+00 1.042003300213937944e+00 9.595885909778526512e-01 9.582296747525315128e-01 9.301715570150151935e-01 1.054348325876828252e+00 1.065893336185534501e+00 1.042651311143019122e+00 1.162256822980108906e+00 1.024469545191830644e+00 9.687604608282183172e-01 9.443126441991099851e-01 9.334547316980474907e-01 8.925635403471159357e-01 8.929048916354741516e-01 8.809256983822806308e-01 9.302192431523096383e-01 8.926624030373181418e-01 9.359846734523989964e-01
1.042502922366953966e+00 1.066399957853288116e+00 9.497419069024194416e-01 9.889744375686896349e-01 9.566100847898991733e-01 1.035788701173870896e+00 9.741199837009834051e-01 1.071027876031182435e+00 1.061222078431690585e+00 1.066685317785137199e+00 1.068199800310802638e+00 1.019778813849335997e+00 1.025145640192269170e+00 9.970152168488342070e-01 8.172702071000083057e-01 8.115535633426007589e-01 8.543978050230685017e-01 6.920034355023394479e-01 7.880329412804708555e-01 8.440841070646933897e-01 9.756886568204117260e-01
9.158971643852746869e-01 9.761586004888116452e-01 9.616345468415266051e-01 9.977345125231461553e-01 1.028910481110530961e+00 1.010357599396850770e+00 1.010104834033753729e+00 9.779297536793657430e-01 1.111059784625637148e+00 1.075930927726410413e+00 1.084585110992403401e+00 8.599025384368261804e-01 9.450792618906683762e-01 9.536008909418248747e-01 8.869557822908687994e-01 8.316845801636685298e-01 8.909177154180553115e-01 8.153026033104967540e-01 8.668075665029091326e-01 8.276084310433923230e-01 8.565930093329106043e-01
1.059897915028090276e+00 1.050861519149267620e+00 9.662152527297450666e-01 1.059128165006574696e+00 1.097654601432600519e+00 1.084928312657782223e+00 1.045652543518625244e+00 9.562572433077548562e-01 1.061847861390421199e+00 1.087727946529220668e+00 1.024629106433210701e+00 8.811433322320334494e-01 8.792641755324304143e-01 8.633333368464046753e-01 7.817493406359393715e-01 9.243179809801935765e-01 8.877112156770825546e-01 8.065280552655569313e-01 7.322227786507330416e-01 8.580420781548961928e-01 7.664858804549951055e-01
