inf inf 9.578263394109027828e-01 9.575932202459290776e-01 9.638119703489391732e-01 9.693309341524853906e-01 9.810127919977297273e-01 9.920238975216019162e-01 1.007557134050449443e+00 1.025140303734693781e+00 9.626576919671222532e-01 9.088927110434777967e-01 8.727214726628022001e-01 8.795780338878402826e-01 8.851782912033846484e-01 8.891829002805698989e-01 8.940736732437943868e-01 8.893484324029969912e-01 8.880398015479027407e-01 8.928602300441242923e-01 8.914556464116786261e-01
inf inf inf 9.660441423194482402e-01 9.702580585118135703e-01 9.745662456835852971e-01 9.809209831241416655e-01 9.945616845291499475e-01 1.009094861082860950e+00 1.027208102613822227e+00 9.639505712361617906e-01 9.158455559725018347e-01 8.755267181186092706e-01 8.791239073458892994e-01 8.859875740935871935e-01 8.904234031740115851e-01 8.923623279911587769e-01 8.962384094640846177e-01 8.894586211579861290e-01 8.981916185590597124e-01 8.982830124429592722e-01
9.578263394109027828e-01 inf inf inf 9.697754779735245911e-01 9.752095894511059182e-01 9.847377619196777676e-01 9.989809763686896549e-01 1.015379796475827101e+00 1.030470703398443710e+00 9.641449388825449329e-01 9.112378268689731442e-01 8.780187263518659524e-01 8.762711735019608206e-01 8.899296722787632952e-01 8.847220860478148818e-01 8.936228626995793567e-01 8.938708182940778846e-01 8.899854511141200852e-01 9.008386631390693511e-01 9.023370405601727207e-01
9.575932202459290776e-01 9.660441423194482402e-01 inf inf inf 9.706845398717114382e-01 9.806727581917416003e-01 9.928045142289194658e-01 1.005979013720603499e+00 1.022490972959450239e+00 9.566187914140853454e-01 9.033123584878948176e-01 8.677560298522726256e-01 8.702832969588316647e-01 8.797116091398936577e-01 8.786112484914208043e-01 8.819191730357784920e-01 8.834774996528398372e-01 8.815765292949628851e-01 8.928116787805140397e-01 8.956710153768796534e-01
9.638119703489391732e-01 9.702580585118135703e-01 9.697754779735245911e-01 inf inf inf 9.761568609334100310e-01 9.879306048842445565e-01 1.001528466656064653e+00 1.019488551273037613e+00 9.469300279981602841e-01 8.918876539704494455e-01 8.584683426793530137e-01 8.648802768393663021e-01 8.694671354345002712e-01 8.752367964833575043e-01 8.843316936935200490e-01 8.820352297061062607e-01 8.791988803915969930e-01 8.868626507728601949e-01 8.930707092944163428e-01
9.693309341524853906e-01 9.745662456835852971e-01 9.752095894511059182e-01 9.706845398717114382e-01 inf inf inf 9.812283721540788761e-01 1.001671826023145195e+00 1.013878594458960780e+00 9.423012303080129382e-01 8.868692888286653364e-01 8.568469040401214265e-01 8.597347826047359032e-01 8.658820358743074541e-01 8.732711669801421772e-01 8.795058690812649349e-01 8.799139786988521283e-01 8.801328856379376786e-01 8.918846938008028191e-01 8.954933359451769936e-01
9.810127919977297273e-01 9.809209831241416655e-01 9.847377619196777676e-01 9.806727581917416003e-01 9.761568609334100310e-01 inf inf inf 9.933318130159748405e-01 1.006571571075151272e+00 9.333612297133996316e-01 8.778428823868367203e-01 8.432692452446940434e-01 8.477412337729485214e-01 8.577246866024050842e-01 8.664977674486639136e-01 8.730677174173798738e-01 8.732127786566157290e-01 8.741392555933726882e-01 8.907094291898982608e-01 8.925166482241947419e-01
9.920238975216019162e-01 9.945616845291499475e-01 9.989809763686896549e-01 9.928045142289194658e-01 9.879306048842445565e-01 9.812283721540788761e-01 inf inf inf 9.933265254482233075e-01 9.227803309341618965e-01 8.688817487015410013e-01 8.320946424883213233e-01 8.410535358721511479e-01 8.507771306713074466e-01 8.593188866343014487e-01 8.688898975474171893e-01 8.726261281536857872e-01 8.765333892296822693e-01 8.876387858161166600e-01 8.908676262227137599e-01
1.007557134050449443e+00 1.009094861082860950e+00 1.015379796475827101e+00 1.005979013720603499e+00 1.001528466656064653e+00 1.001671826023145195e+00 9.933318130159748405e-01 inf inf inf 8.978654854399472640e-01 8.555172603907649220e-01 8.214144839349922789e-01 8.303380606881521908e-01 8.468439900502114925e-01 8.556885531711392323e-01 8.665503777381787787e-01 8.742061881847437155e-01 8.707171716953829854e-01 8.859263605942850894e-01 8.884310735192074704e-01
1.025140303734693781e+00 1.027208102613822227e+00 1.030470703398443710e+00 1.022490972959450239e+00 1.019488551273037613e+00 1.013878594458960780e+00 1.006571571075151272e+00 9.933265254482233075e-01 inf inf inf 8.961292156848963408e-01 8.610607676842064739e-01 8.697633837075370300e-01 8.796163519584533352e-01 8.938185889055131339e-01 9.099574464340032254e-01 9.139375060082447488e-01 9.100241460496095725e-01 9.238810828442955980e-01 9.303427014587168919e-01
9.626576919671222532e-01 9.639505712361617906e-01 9.641449388825449329e-01 9.566187914140853454e-01 9.469300279981602841e-01 9.423012303080129382e-01 9.333612297133996316e-01 9.227803309341618965e-01 8.978654854399472640e-01 inf inf inf 9.040239339410203190e-01 9.161156205225293725e-01 9.357939438382649744e-01 9.519180064055825508e-01 9.661851424388248066e-01 9.682534348712266148e-01 9.648250615037811118e-01 9.766107065124838282e-01 9.848043106070402120e-01
9.088927110434777967e-01 9.158455559725018347e-01 9.112378268689731442e-01 9.033123584878948176e-01 8.918876539704494455e-01 8.868692888286653364e-01 8.778428823868367203e-01 8.688817487015410013e-01 8.555172603907649220e-01 8.961292156848963408e-01 inf inf inf 9.863380359526530139e-01 1.009876122304250945e+00 1.026336126040287011e+00 1.035144451264887966e+00 1.038309137673937066e+00 1.035833996956725622e+00 1.045518520473847746e+00 1.045658545236141101e+00
8.727214726628022001e-01 8.755267181186092706e-01 8.780187263518659524e-01 8.677560298522726256e-01 8.584683426793530137e-01 8.568469040401214265e-01 8.432692452446940434e-01 8.320946424883213233e-01 8.214144839349922789e-01 8.610607676842064739e-01 9.040239339410203190e-01 inf inf inf 1.001469129526602941e+00 1.011853914362197848e+00 1.019789754928039249e+00 1.019898235708232903e+00 1.015193702317891633e+00 1.020475728366171841e+00 1.017986983211767393e+00
8.795780338878402826e-01 8.791239073458892994e-01 8.762711735019608206e-01 8.702832969588316647e-01 8.648802768393663021e-01 8.597347826047359032e-01 8.477412337729485214e-01 8.410535358721511479e-01 8.303380606881521908e-01 8.697633837075370300e-01 9.161156205225293725e-01 9.863380359526530139e-01 inf inf inf 9.932352753221076469e-01 9.959553208271146874e-01 9.971217939182374090e-01 9.950489060151842535e-01 9.977703222110380077e-01 9.957456818619554451e-01
8.851782912033846484e-01 8.859875740935871935e-01 8.899296722787632952e-01 8.797116091398936577e-01 8.694671354345002712e-01 8.658820358743074541e-01 8.577246866024050842e-01 8.507771306713074466e-01 8.468439900502114925e-01 8.796163519584533352e-01 9.357939438382649744e-01 1.009876122304250945e+00 1.001469129526602941e+00 inf inf inf 9.804921995489349618e-01 9.804625121835536250e-01 9.789778330109621951e-01 9.827984847830697479e-01 9.828139699343759750e-01
8.891829002805698989e-01 8.904234031740115851e-01 8.847220860478148818e-01 8.786112484914208043e-01 8.752367964833575043e-01 8.732711669801421772e-01 8.664977674486639136e-01 8.593188866343014487e-01 8.556885531711392323e-01 8.938185889055131339e-01 9.519180064055825508e-01 1.026336126040287011e+00 1.011853914362197848e+00 9.932352753221076469e-01 inf inf inf 9.764546729694590921e-01 9.740815150968842318e-01 9.767428289679213060e-01 9.749891731740160106e-01
8.940736732437943868e-01 8.923623279911587769e-01 8.936228626995793567e-01 8.819191730357784920e-01 8.843316936935200490e-01 8.795058690812649349e-01 8.730677174173798738e-01 8.688898975474171893e-01 8.665503777381787787e-01 9.099574464340032254e-01 9.661851424388248066e-01 1.035144451264887966e+00 1.019789754928039249e+00 9.959553208271146874e-01 9.804921995489349618e-01 inf inf inf 9.740451139669640268e-01 9.777318984568192928e-01 9.774389441202191442e-01
8.893484324029969912e-01 8.962384094640846177e-01 8.938708182940778846e-01 8.834774996528398372e-01 8.820352297061062607e-01 8.799139786988521283e-01 8.732127786566157290e-01 8.726261281536857872e-01 8.742061881847437155e-01 9.139375060082447488e-01 9.682534348712266148e-01 1.038309137673937066e+00 1.019898235708232903e+00 9.971217939182374090e-01 9.804625121835536250e-01 9.764546729694590921e-01 inf inf inf 9.827830826269339237e-01 9.785317242449352859e-01
8.880398015479027407e-01 8.894586211579861290e-01 8.899854511141200852e-01 8.815765292949628851e-01 8.791988803915969930e-01 8.801328856379376786e-01 8.741392555933726882e-01 8.765333892296822693e-01 8.707171716953829854e-01 9.100241460496095725e-01 9.648250615037811118e-01 1.035833996956725622e+00 1.015193702317891633e+00 9.950489060151842535e-01 9.789778330109621951e-01 9.740815150968842318e-01 9.740451139669640268e-01 inf inf inf 9.694819809304213720e-01
8.928602300441242923e-01 8.981916185590597124e-01 9.008386631390693511e-01 8.928116787805140397e-01 8.868626507728601949e-01 8.918846938008028191e-01 8.907094291898982608e-01 8.876387858161166600e-01 8.859263605942850894e-01 9.238810828442955980e-01 9.766107065124838282e-01 1.045518520473847746e+00 1.020475728366171841e+00 9.977703222110380077e-01 9.827984847830697479e-01 9.767428289679213060e-01 9.777318984568192928e-01 9.827830826269339237e-01 inf inf inf
8.914556464116786261e-01 8.982830124429592722e-01 9.023370405601727207e-01 8.956710153768796534e-01 8.930707092944163428e-01 8.954933359451769936e-01 8.925166482241947419e-01 8.908676262227137599e-01 8.884310735192074704e-01 9.303427014587168919e-01 9.848043106070402120e-01 1.045658545236141101e+00 1.017986983211767393e+00 9.957456818619554451e-01 9.828139699343759750e-01 9.749891731740160106e-01 9.774389441202191442e-01 9.785317242449352859e-01 9.694819809304213720e-01 inf inf
