inf inf 9.596384203233992993e-01 9.691966472431885471e-01 9.816212974041308437e-01 9.932009197228637287e-01 1.008846188135905875e+00 1.051203829925423605e+00 1.109861626174230453e+00 1.156197068377758042e+00 9.843245574292767142e-01 8.488530842781480956e-01 7.810201415623521104e-01 7.900612639972176554e-01 7.983059599365636139e-01 8.112534108874169814e-01 8.197791741580736646e-01 8.230452225543140043e-01 8.302458104623758883e-01 8.437479315732446805e-01 8.536000911205768871e-01
inf inf inf 9.770650880107454306e-01 9.856208926999395770e-01 9.926767974784795889e-01 1.009699491934438642e+00 1.050226332819376385e+00 1.107436582352597121e+00 1.146765483968026800e+00 9.689020819925395767e-01 8.369012157263246987e-01 7.713724227052867199e-01 7.764054531770482326e-01 7.928965071168844192e-01 8.016701408368597237e-01 8.101933719216620755e-01 8.141745900206739384e-01 8.219954479890078103e-01 8.315952926455711935e-01 8.454599029265225107e-01
9.596384203233992993e-01 inf inf inf 9.697749731460388878e-01 9.758841406115763562e-01 9.954039125947539146e-01 1.039857286956022753e+00 1.094188028373858979e+00 1.135048486594030459e+00 9.600430780898280281e-01 8.231431780359627082e-01 7.567033064083444893e-01 7.616981849937720650e-01 7.767904862659134047e-01 7.889758520499481342e-01 7.992806111870847108e-01 8.098994787267456141e-01 8.138786540984648266e-01 8.289908679400858071e-01 8.408086372980876355e-01
9.691966472431885471e-01 9.770650880107454306e-01 inf inf inf 9.698937698765971449e-01 9.902915985608243821e-01 1.025471613470086751e+00 1.078988933631880753e+00 1.116902429554154086e+00 9.439511628232434282e-01 8.075033382482850186e-01 7.386909181928630330e-01 7.422940671760007714e-01 7.585438492907665697e-01 7.695554152235589696e-01 7.799583842254248500e-01 7.856886758089409728e-01 7.932206420028570237e-01 8.114178954125524923e-01 8.223136041486810432e-01
9.816212974041308437e-01 9.856208926999395770e-01 9.697749731460388878e-01 inf inf inf 9.870388980587049277e-01 1.023084521918017797e+00 1.074283790928209692e+00 1.115425949528427330e+00 9.292909731975311782e-01 7.935061072093534396e-01 7.260459981425405607e-01 7.319699479378243279e-01 7.440631187443489392e-01 7.619311195768646572e-01 7.741341581611864697e-01 7.781164372170157328e-01 7.912570003731235202e-01 8.048522205889198089e-01 8.178726265088869241e-01
9.932009197228637287e-01 9.926767974784795889e-01 9.758841406115763562e-01 9.698937698765971449e-01 inf inf inf 1.006699503285169994e+00 1.062483513701586668e+00 1.100519679353877400e+00 9.114491216360641745e-01 7.773327473781902475e-01 7.085596281589612300e-01 7.193258078286757229e-01 7.327716634049354916e-01 7.510792308407584494e-01 7.653118150087315774e-01 7.690883769737810738e-01 7.833575831515855459e-01 8.028461264407473763e-01 8.185397574596999792e-01
1.008846188135905875e+00 1.009699491934438642e+00 9.954039125947539146e-01 9.902915985608243821e-01 9.870388980587049277e-01 inf inf inf 1.038759508512229868e+00 1.072625439397368652e+00 8.903652437235564099e-01 7.603581699255195225e-01 6.864666953566591623e-01 6.968182196049735877e-01 7.131185294581879885e-01 7.285112499072248227e-01 7.473181072593181318e-01 7.604490520568049083e-01 7.668459014525804696e-01 7.869496443705585875e-01 8.083313589534529831e-01
1.051203829925423605e+00 1.050226332819376385e+00 1.039857286956022753e+00 1.025471613470086751e+00 1.023084521918017797e+00 1.006699503285169994e+00 inf inf inf 1.042210485979079726e+00 8.652708845856832420e-01 7.417878322592567075e-01 6.663488387997360540e-01 6.765559054191565558e-01 6.968596395585114900e-01 7.172781106382242200e-01 7.348364510343630140e-01 7.480953587288184936e-01 7.575014938425452815e-01 7.831201557695181004e-01 8.005864050486355410e-01
1.109861626174230453e+00 1.107436582352597121e+00 1.094188028373858979e+00 1.078988933631880753e+00 1.074283790928209692e+00 1.062483513701586668e+00 1.038759508512229868e+00 inf inf inf 8.251270351689470317e-01 7.244182626022210858e-01 6.457530732424524578e-01 6.604118057218568705e-01 6.823265771875769437e-01 7.064210367771613930e-01 7.292265198596267206e-01 7.436733654838343366e-01 7.545754550222666390e-01 7.741943899113392646e-01 8.008919212039419255e-01
1.156197068377758042e+00 1.146765483968026800e+00 1.135048486594030459e+00 1.116902429554154086e+00 1.115425949528427330e+00 1.100519679353877400e+00 1.072625439397368652e+00 1.042210485979079726e+00 inf inf inf 8.223390851565665072e-01 7.257820572720989905e-01 7.331038842042923998e-01 7.575252366309241925e-01 7.814304561061156118e-01 8.042327086257469171e-01 8.157838040102572963e-01 8.239877290910733176e-01 8.472900009525615728e-01 8.645049728046451110e-01
9.843245574292767142e-01 9.689020819925395767e-01 9.600430780898280281e-01 9.439511628232434282e-01 9.292909731975311782e-01 9.114491216360641745e-01 8.903652437235564099e-01 8.652708845856832420e-01 8.251270351689470317e-01 inf inf inf 8.281838112579525957e-01 8.515029732201118140e-01 8.874134614724551451e-01 9.203136331685308757e-01 9.453464459681164556e-01 9.542090528543976102e-01 9.595450699126942817e-01 9.803558053659447991e-01 1.006923827474670796e+00
8.488530842781480956e-01 8.369012157263246987e-01 8.231431780359627082e-01 8.075033382482850186e-01 7.935061072093534396e-01 7.773327473781902475e-01 7.603581699255195225e-01 7.417878322592567075e-01 7.244182626022210858e-01 8.223390851565665072e-01 inf inf inf 1.025788525702919118e+00 1.079743438566285629e+00 1.116635743340312903e+00 1.140174623117226504e+00 1.142571301446759335e+00 1.144207575187306869e+00 1.162700731552169353e+00 1.173663495891816844e+00
7.810201415623521104e-01 7.713724227052867199e-01 7.567033064083444893e-01 7.386909181928630330e-01 7.260459981425405607e-01 7.085596281589612300e-01 6.864666953566591623e-01 6.663488387997360540e-01 6.457530732424524578e-01 7.257820572720989905e-01 8.281838112579525957e-01 inf inf inf 1.050796212262415485e+00 1.078805369247651580e+00 1.091380742107523005e+00 1.095976414500663854e+00 1.103758279913447327e+00 1.116609731740882516e+00 1.122889464841068552e+00
7.900612639972176554e-01 7.764054531770482326e-01 7.616981849937720650e-01 7.422940671760007714e-01 7.319699479378243279e-01 7.193258078286757229e-01 6.968182196049735877e-01 6.765559054191565558e-01 6.604118057218568705e-01 7.331038842042923998e-01 8.515029732201118140e-01 1.025788525702919118e+00 inf inf inf 1.020159813041237928e+00 1.028573767557794616e+00 1.039936850347034980e+00 1.041855980045165886e+00 1.046610189807374969e+00 1.054557240461013734e+00
7.983059599365636139e-01 7.928965071168844192e-01 7.767904862659134047e-01 7.585438492907665697e-01 7.440631187443489392e-01 7.327716634049354916e-01 7.131185294581879885e-01 6.968596395585114900e-01 6.823265771875769437e-01 7.575252366309241925e-01 8.874134614724551451e-01 1.079743438566285629e+00 1.050796212262415485e+00 inf inf inf 9.931298869767537507e-01 9.965293706048029554e-01 1.001465165190953854e+00 1.005749367317263054e+00 1.018299618005566121e+00
8.112534108874169814e-01 8.016701408368597237e-01 7.889758520499481342e-01 7.695554152235589696e-01 7.619311195768646572e-01 7.510792308407584494e-01 7.285112499072248227e-01 7.172781106382242200e-01 7.064210367771613930e-01 7.814304561061156118e-01 9.203136331685308757e-01 1.116635743340312903e+00 1.078805369247651580e+00 1.020159813041237928e+00 inf inf inf 9.780583584005863029e-01 9.803714868400976723e-01 9.864664329828863876e-01 9.940826211945290591e-01
8.197791741580736646e-01 8.101933719216620755e-01 7.992806111870847108e-01 7.799583842254248500e-01 7.741341581611864697e-01 7.653118150087315774e-01 7.473181072593181318e-01 7.348364510343630140e-01 7.292265198596267206e-01 8.042327086257469171e-01 9.453464459681164556e-01 1.140174623117226504e+00 1.091380742107523005e+00 1.028573767557794616e+00 9.931298869767537507e-01 inf inf inf 9.735279226763882132e-01 9.812087607546913226e-01 9.889932376569057215e-01
8.230452225543140043e-01 8.141745900206739384e-01 8.098994787267456141e-01 7.856886758089409728e-01 7.781164372170157328e-01 7.690883769737810738e-01 7.604490520568049083e-01 7.480953587288184936e-01 7.436733654838343366e-01 8.157838040102572963e-01 9.542090528543976102e-01 1.142571301446759335e+00 1.095976414500663854e+00 1.039936850347034980e+00 9.965293706048029554e-01 9.780583584005863029e-01 inf inf inf 9.823150396326875144e-01 9.872522887563327521e-01
8.302458104623758883e-01 8.219954479890078103e-01 8.138786540984648266e-01 7.932206420028570237e-01 7.912570003731235202e-01 7.833575831515855459e-01 7.668459014525804696e-01 7.575014938425452815e-01 7.545754550222666390e-01 8.239877290910733176e-01 9.595450699126942817e-01 1.144207575187306869e+00 1.103758279913447327e+00 1.041855980045165886e+00 1.001465165190953854e+00 9.803714868400976723e-01 9.735279226763882132e-01 inf inf inf 9.777064442066134564e-01
8.437479315732446805e-01 8.315952926455711935e-01 8.289908679400858071e-01 8.114178954125524923e-01 8.048522205889198089e-01 8.028461264407473763e-01 7.869496443705585875e-01 7.831201557695181004e-01 7.741943899113392646e-01 8.472900009525615728e-01 9.803558053659447991e-01 1.162700731552169353e+00 1.116609731740882516e+00 1.046610189807374969e+00 1.005749367317263054e+00 9.864664329828863876e-01 9.812087607546913226e-01 9.823150396326875144e-01 inf inf inf
8.536000911205768871e-01 8.454599029265225107e-01 8.408086372980876355e-01 8.223136041486810432e-01 8.178726265088869241e-01 8.185397574596999792e-01 8.083313589534529831e-01 8.005864050486355410e-01 8.008919212039419255e-01 8.645049728046451110e-01 1.006923827474670796e+00 1.173663495891816844e+00 1.122889464841068552e+00 1.054557240461013734e+00 1.018299618005566121e+00 9.940826211945290591e-01 9.889932376569057215e-01 9.872522887563327521e-01 9.777064442066134564e-01 inf inf
