inf inf 9.576376463497767721e-01 9.667690058577036449e-01 9.782664530877731579e-01 9.920056504962122546e-01 1.006936417293582187e+00 1.044918946391334202e+00 1.102440330139888180e+00 1.149035975426755396e+00 9.923095548138499700e-01 8.644804133834377291e-01 7.959651369659734854e-01 8.016164217141598103e-01 8.116928731765562510e-01 8.246340110024784620e-01 8.298555262652647091e-01 8.301874954856607314e-01 8.337744772369845014e-01 8.487250569170574632e-01 8.588969837116301465e-01
inf inf inf 9.755781239100209667e-01 9.826630020659388176e-01 9.914000497355648367e-01 1.006041757784239099e+00 1.041304971530188084e+00 1.093983053486178525e+00 1.138752211379033819e+00 9.819302643605100078e-01 8.583369692313131960e-01 7.845140332229095792e-01 7.917121623237014516e-01 8.022656865051099873e-01 8.163768930401441581e-01 8.204226219891660454e-01 8.235472638259955236e-01 8.284324370617225375e-01 8.443838795131597408e-01 8.519753909649903090e-01
9.576376463497767721e-01 inf inf inf 9.684724586271693525e-01 9.761134722243098860e-01 9.928036657911725182e-01 1.028173000807657500e+00 1.085460180094401261e+00 1.128700735615648654e+00 9.676222591558069075e-01 8.432875744979150268e-01 7.710767761114279972e-01 7.756374391531000168e-01 7.886651165582954093e-01 7.927366440040518603e-01 8.096489697461184409e-01 8.138853489258376372e-01 8.208728065309315314e-01 8.357802152005471275e-01 8.455445305977344894e-01
9.667690058577036449e-01 9.755781239100209667e-01 inf inf inf 9.680454613781763751e-01 9.895009005622358300e-01 1.022027122071373473e+00 1.070796994954434034e+00 1.115675470708720196e+00 9.531870998022962116e-01 8.298858721989552656e-01 7.545761093049244694e-01 7.612820887697673289e-01 7.716446826925577041e-01 7.807524344877608824e-01 7.958682724401660025e-01 7.941248082230836225e-01 8.051892497772404900e-01 8.249116316715691122e-01 8.343171749512764412e-01
9.782664530877731579e-01 9.826630020659388176e-01 9.684724586271693525e-01 inf inf inf 9.842269715118882045e-01 1.018517486446589571e+00 1.064141446926986534e+00 1.111004573741994683e+00 9.444481820768506619e-01 8.131553191989767670e-01 7.403419161945843374e-01 7.478941176399488411e-01 7.576736728976881663e-01 7.736087312782672365e-01 7.819834945684183136e-01 7.951864871403853119e-01 7.989796416633744292e-01 8.190919618029794957e-01 8.306964505400886711e-01
9.920056504962122546e-01 9.914000497355648367e-01 9.761134722243098860e-01 9.680454613781763751e-01 inf inf inf 1.004834943107337786e+00 1.055967271064603308e+00 1.099484091915173600e+00 9.253187836295243551e-01 8.012955064481942502e-01 7.285135114284051472e-01 7.324184583323773978e-01 7.474184091453447421e-01 7.654296892455337842e-01 7.783607255104736389e-01 7.843539446968393891e-01 7.937372224825778311e-01 8.106058786801750848e-01 8.284107634306723256e-01
1.006936417293582187e+00 1.006041757784239099e+00 9.928036657911725182e-01 9.895009005622358300e-01 9.842269715118882045e-01 inf inf inf 1.035857051297363496e+00 1.072381642459815820e+00 9.062984657258367216e-01 7.831703728391604669e-01 7.071198848499812284e-01 7.141818724464714663e-01 7.316498820363351863e-01 7.464817881143636091e-01 7.612172602203155503e-01 7.732124683762905404e-01 7.811556630401061962e-01 8.046053366074801261e-01 8.189204518886861184e-01
1.044918946391334202e+00 1.041304971530188084e+00 1.028173000807657500e+00 1.022027122071373473e+00 1.018517486446589571e+00 1.004834943107337786e+00 inf inf inf 1.046938773507780418e+00 8.845319281954560076e-01 7.710673860364118948e-01 6.884003820921364980e-01 7.010966072600481880e-01 7.165634283172671593e-01 7.363272882866445102e-01 7.547027987518916126e-01 7.643043598386146664e-01 7.748122177548566469e-01 8.004428585447412869e-01 8.114958778528563732e-01
1.102440330139888180e+00 1.093983053486178525e+00 1.085460180094401261e+00 1.070796994954434034e+00 1.064141446926986534e+00 1.055967271064603308e+00 1.035857051297363496e+00 inf inf inf 8.472804428274722799e-01 7.507399809243040512e-01 6.696842376993200618e-01 6.814268888762516907e-01 7.063226367892057045e-01 7.281741964256160937e-01 7.467541524521227325e-01 7.566490399594157923e-01 7.686744288450929607e-01 7.885138735816032973e-01 8.135532911366036846e-01
1.149035975426755396e+00 1.138752211379033819e+00 1.128700735615648654e+00 1.115675470708720196e+00 1.111004573741994683e+00 1.099484091915173600e+00 1.072381642459815820e+00 1.046938773507780418e+00 inf inf inf 8.491952456037648034e-01 7.508108292840098841e-01 7.584531702398739084e-01 7.830953085091094668e-01 8.030591285227169918e-01 8.266964956380475904e-01 8.367370764329874477e-01 8.399348968447376551e-01 8.644198769942044169e-01 8.783322510053360732e-01
9.923095548138499700e-01 9.819302643605100078e-01 9.676222591558069075e-01 9.531870998022962116e-01 9.444481820768506619e-01 9.253187836295243551e-01 9.062984657258367216e-01 8.845319281954560076e-01 8.472804428274722799e-01 inf inf inf 8.433027934282973925e-01 8.698784626012278087e-01 9.048961869763675336e-01 9.355974912505264918e-01 9.591645684505948344e-01 9.660014115214057284e-01 9.696404826758997508e-01 9.917744008541501399e-01 1.014986751394210129e+00
8.644804133834377291e-01 8.583369692313131960e-01 8.432875744979150268e-01 8.298858721989552656e-01 8.131553191989767670e-01 8.012955064481942502e-01 7.831703728391604669e-01 7.710673860364118948e-01 7.507399809243040512e-01 8.491952456037648034e-01 inf inf inf 1.029670930595754541e+00 1.080572930608364457e+00 1.113427374003155501e+00 1.135445126664476501e+00 1.137452790963348503e+00 1.133303781438199875e+00 1.158560685380441768e+00 1.164719427901898197e+00
7.959651369659734854e-01 7.845140332229095792e-01 7.710767761114279972e-01 7.545761093049244694e-01 7.403419161945843374e-01 7.285135114284051472e-01 7.071198848499812284e-01 6.884003820921364980e-01 6.696842376993200618e-01 7.508108292840098841e-01 8.433027934282973925e-01 inf inf inf 1.046212549679002901e+00 1.070287510270022224e+00 1.083042015423835602e+00 1.086901817061973530e+00 1.091092370754103147e+00 1.108966452839029060e+00 1.110067798941418937e+00
8.016164217141598103e-01 7.917121623237014516e-01 7.756374391531000168e-01 7.612820887697673289e-01 7.478941176399488411e-01 7.324184583323773978e-01 7.141818724464714663e-01 7.010966072600481880e-01 6.814268888762516907e-01 7.584531702398739084e-01 8.698784626012278087e-01 1.029670930595754541e+00 inf inf inf 1.014843228960033095e+00 1.023544020796204990e+00 1.030474299508397307e+00 1.032801274727896290e+00 1.037737411963061795e+00 1.044576673988173443e+00
8.116928731765562510e-01 8.022656865051099873e-01 7.886651165582954093e-01 7.716446826925577041e-01 7.576736728976881663e-01 7.474184091453447421e-01 7.316498820363351863e-01 7.165634283172671593e-01 7.063226367892057045e-01 7.830953085091094668e-01 9.048961869763675336e-01 1.080572930608364457e+00 1.046212549679002901e+00 inf inf inf 9.884297729335594918e-01 9.948622663663067023e-01 9.939830555243416299e-01 1.005376109448522959e+00 1.012291216537309912e+00
8.246340110024784620e-01 8.163768930401441581e-01 7.927366440040518603e-01 7.807524344877608824e-01 7.736087312782672365e-01 7.654296892455337842e-01 7.464817881143636091e-01 7.363272882866445102e-01 7.281741964256160937e-01 8.030591285227169918e-01 9.355974912505264918e-01 1.113427374003155501e+00 1.070287510270022224e+00 1.014843228960033095e+00 inf inf inf 9.772170579312009497e-01 9.775541576169147762e-01 9.869217576655769930e-01 9.934865338157674586e-01
8.298555262652647091e-01 8.204226219891660454e-01 8.096489697461184409e-01 7.958682724401660025e-01 7.819834945684183136e-01 7.783607255104736389e-01 7.612172602203155503e-01 7.547027987518916126e-01 7.467541524521227325e-01 8.266964956380475904e-01 9.591645684505948344e-01 1.135445126664476501e+00 1.083042015423835602e+00 1.023544020796204990e+00 9.884297729335594918e-01 inf inf inf 9.748756058516913070e-01 9.845387619839816029e-01 9.898129697566976359e-01
8.301874954856607314e-01 8.235472638259955236e-01 8.138853489258376372e-01 7.941248082230836225e-01 7.951864871403853119e-01 7.843539446968393891e-01 7.732124683762905404e-01 7.643043598386146664e-01 7.566490399594157923e-01 8.367370764329874477e-01 9.660014115214057284e-01 1.137452790963348503e+00 1.086901817061973530e+00 1.030474299508397307e+00 9.948622663663067023e-01 9.772170579312009497e-01 inf inf inf 9.842491439094733785e-01 9.870992537653794363e-01
8.337744772369845014e-01 8.284324370617225375e-01 8.208728065309315314e-01 8.051892497772404900e-01 7.989796416633744292e-01 7.937372224825778311e-01 7.811556630401061962e-01 7.748122177548566469e-01 7.686744288450929607e-01 8.399348968447376551e-01 9.696404826758997508e-01 1.133303781438199875e+00 1.091092370754103147e+00 1.032801274727896290e+00 9.939830555243416299e-01 9.775541576169147762e-01 9.748756058516913070e-01 inf inf inf 9.774234726899911907e-01
8.487250569170574632e-01 8.443838795131597408e-01 8.357802152005471275e-01 8.249116316715691122e-01 8.190919618029794957e-01 8.106058786801750848e-01 8.046053366074801261e-01 8.004428585447412869e-01 7.885138735816032973e-01 8.644198769942044169e-01 9.917744008541501399e-01 1.158560685380441768e+00 1.108966452839029060e+00 1.037737411963061795e+00 1.005376109448522959e+00 9.869217576655769930e-01 9.845387619839816029e-01 9.842491439094733785e-01 inf inf inf
8.588969837116301465e-01 8.519753909649903090e-01 8.455445305977344894e-01 8.343171749512764412e-01 8.306964505400886711e-01 8.284107634306723256e-01 8.189204518886861184e-01 8.114958778528563732e-01 8.135532911366036846e-01 8.783322510053360732e-01 1.014986751394210129e+00 1.164719427901898197e+00 1.110067798941418937e+00 1.044576673988173443e+00 1.012291216537309912e+00 9.934865338157674586e-01 9.898129697566976359e-01 9.870992537653794363e-01 9.774234726899911907e-01 inf inf
