100 82
200 87
400 92
800 87
1600 90
6400 87
3200 98
12800 103
25600 94
51200 101
102400 95
204800 130
409600 119
819200 144
1638400 210
100 95
3276800 367
200 93
400 94
800 94
1600 105
3200 97
6400 102
12800 101
25600 94
51200 96
102400 112
204800 111
409600 135
819200 158
1638400 238
100 110
200 109
3276800 439
800 169
400 115
1600 138
3200 120
6400 169
12800 115
25600 180
51200 107
102400 125
204800 134
409600 172
819200 164
1638400 263
3276800 355
100 109
400 131
200 135
800 126
1600 119
3200 123
6400 128
12800 126
25600 123
51200 116
204800 122
102400 111
409600 136
819200 197
1638400 239
100 101
3276800 478
200 104
400 105
800 91
1600 110
3200 102
25600 108
12800 101
51200 108
102400 114
204800 123
409600 129
6400 103
819200 160
1638400 238
3276800 369
