400 102
100 103
800 109
200 113
1600 119
3200 168
100 68
200 70
400 71
800 75
6400 254
1600 158
3200 170
200 85
100 102
400 104
800 115
6400 274
1600 115
12800 663
3200 144
6400 230
12800 646
400 120
100 125
800 128
200 128
1600 132
3200 194
12800 686
100 122
200 138
6400 274
3200 169
800 118
1600 121
6400 226
12800 681
400 117
25600 2171
12800 676
25600 2219
25600 2071
25600 2277
25600 2479
51200 8272
51200 8548
51200 9655
51200 9033
51200 9704
102400 33465
102400 34224
102400 34876
102400 34438
102400 38323
