100 128
400 129
800 132
200 132
1600 135
3200 136
6400 130
12800 131
51200 133
25600 137
204800 143
409600 195
102400 144
819200 216
100 163
1638400 299
200 135
3276800 440
400 161
1600 133
800 136
3200 157
12800 139
6400 140
25600 159
51200 145
102400 149
204800 159
409600 182
819200 224
1638400 309
100 162
3276800 850
200 173
400 262
800 188
1600 157
3200 174
6400 147
12800 172
25600 152
51200 175
102400 212
204800 171
409600 187
819200 250
1638400 351
100 163
3276800 584
200 178
400 148
800 166
1600 149
3200 170
6400 170
12800 184
25600 175
51200 188
204800 175
409600 224
102400 162
819200 236
1638400 327
100 145
3276800 513
200 149
400 149
800 149
3200 147
1600 148
25600 158
51200 163
102400 148
12800 148
204800 172
6400 148
409600 195
819200 241
1638400 329
3276800 460
