200 165
1600 165
100 170
400 195
800 196
25600 241
12800 242
3200 248
51200 224
6400 249
204800 305
409600 317
400 183
819200 348
200 207
800 214
102400 233
1600 212
100 232
1638400 403
25600 173
3200 250
102400 224
204800 231
51200 240
409600 335
3276800 578
6400 231
1600 211
819200 288
12800 205
12800 186
51200 187
400 192
3200 216
6400 216
800 217
25600 217
100 203
200 203
1600 240
400 244
800 245
3200 245
6400 245
409600 268
819200 316
102400 180
100 217
200 233
1638400 452
1638400 447
204800 306
25600 185
51200 243
204800 245
102400 254
3276800 607
3276800 602
409600 316
100 197
819200 318
12800 201
200 204
3200 171
800 172
1600 173
400 204
6400 205
1638400 361
25600 179
51200 194
204800 198
102400 198
409600 204
819200 232
12800 187
3276800 569
1638400 356
3276800 536
